181
13
14
15
38
46
63
64
78
79
85
86
87
103
104
111
116
118
122
123
131
132
133
142
143
157
161
167
174
176
178
180
185
187
190
191
193
202
203
209
216
224
227
228
229
243
244
248
255
263
265
266
271
273
282
291
297
301
306
314
326
330
333
334
339
345
348
364
367
372
377
379
382
401
402
411
413
420
422
434
438
457
459
463
466
480
489
490
496
506
508
515
523
529
532
546
547
548
579
580
587
588
589
593
605
611
614
615
617
621
625
635
643
647
648
663
677
686
693
694
702
717
725
735
738
741
749
755
757
769
775
787
790
793
797
800
804
809
810
813
823
830
831
835
844
852
856
857
861
872
873
882
890
896
897
898
902
905
912
913
921
923
926
928
932
948
951
954
961
962
963
964
972
978
986
993
994
995
996
997
998
999
